0.000000	0.187723	0.216789	0.182087	0.197088	0.196923	0.199042	0.189996	0.202091	0.198315	0.201413	0.181370	0.215971	
0.187723	0.000000	0.219192	0.186796	0.185923	0.206831	0.206043	0.182682	0.204272	0.221365	0.208657	0.214556	0.214826	
0.216789	0.219192	0.000000	0.216814	0.227603	0.232697	0.241495	0.215349	0.240744	0.222957	0.200421	0.232210	0.212981	
0.182087	0.186796	0.216814	0.000000	0.186864	0.198903	0.199965	0.130948	0.200331	0.206107	0.183013	0.205341	0.207649	
0.197088	0.185923	0.227603	0.186864	0.000000	0.213979	0.182215	0.182347	0.181034	0.217275	0.207671	0.217452	0.217841	
0.196923	0.206831	0.232697	0.198903	0.213979	0.000000	0.222558	0.204097	0.219531	0.154231	0.186779	0.163657	0.185118	
0.199042	0.206043	0.241495	0.199965	0.182215	0.222558	0.000000	0.196345	0.106376	0.220771	0.223404	0.217357	0.223505	
0.189996	0.182682	0.215349	0.130948	0.182347	0.204097	0.196345	0.000000	0.201086	0.203187	0.178429	0.208797	0.205011	
0.202091	0.204272	0.240744	0.200331	0.181034	0.219531	0.106376	0.201086	0.000000	0.218075	0.222294	0.217463	0.231022	
0.198315	0.221365	0.222957	0.206107	0.217275	0.154231	0.220771	0.203187	0.218075	0.000000	0.187566	0.161984	0.193839	
0.201413	0.208657	0.200421	0.183013	0.207671	0.186779	0.223404	0.178429	0.222294	0.187566	0.000000	0.197751	0.193845	
0.181370	0.214556	0.232210	0.205341	0.217452	0.163657	0.217357	0.208797	0.217463	0.161984	0.197751	0.000000	0.206856	
0.215971	0.214826	0.212981	0.207649	0.217841	0.185118	0.223505	0.205011	0.231022	0.193839	0.193845	0.206856	0.000000	
