0.948324	-0.045794	-0.097327	-0.047715	-0.091137	-0.084318	-0.085891	-0.087425	-0.098470	-0.096810	-0.103166	-0.029011	-0.133496	
-0.045794	0.965499	-0.084051	-0.054071	-0.023637	-0.103946	-0.088322	-0.038381	-0.074215	-0.157075	-0.109411	-0.135030	-0.115174	
-0.097327	-0.084051	1.327931	-0.119749	-0.131980	-0.152005	-0.178371	-0.114956	-0.176033	-0.129569	-0.038461	-0.161000	-0.074109	
-0.047715	-0.054071	-0.119749	0.839811	-0.058099	-0.113211	-0.099424	0.127692	-0.099310	-0.134816	-0.050748	-0.123944	-0.125406	
-0.091137	-0.023637	-0.131980	-0.058099	0.943560	-0.131768	0.000213	-0.035914	0.011168	-0.145425	-0.120135	-0.145103	-0.125919	
-0.084318	-0.103946	-0.152005	-0.113211	-0.131768	0.904217	-0.161485	-0.123590	-0.154607	0.062995	-0.053364	0.044494	-0.028628	
-0.085891	-0.088322	-0.178371	-0.099424	0.000213	-0.161485	0.951304	-0.087928	0.323574	-0.154424	-0.177817	-0.144222	-0.147123	
-0.087425	-0.038381	-0.114956	0.127692	-0.035914	-0.123590	-0.087928	0.822979	-0.103809	-0.126625	-0.038817	-0.141798	-0.114102	
-0.098470	-0.074215	-0.176033	-0.099310	0.011168	-0.154607	0.323574	-0.103809	0.963251	-0.147897	-0.170329	-0.152116	-0.178971	
-0.096810	-0.157075	-0.129569	-0.134816	-0.145425	0.062995	-0.154424	-0.126625	-0.147897	1.005154	-0.081990	0.045238	-0.078687	
-0.103166	-0.109411	-0.038461	-0.050748	-0.120135	-0.053364	-0.177817	-0.038817	-0.170329	-0.081990	1.019228	-0.121377	-0.092892	
-0.029011	-0.135030	-0.161000	-0.123944	-0.145103	0.044494	-0.144222	-0.141798	-0.152116	0.045238	-0.121377	1.062909	-0.132677	
-0.133496	-0.115174	-0.074109	-0.125406	-0.125919	-0.028628	-0.147123	-0.114102	-0.178971	-0.078687	-0.092892	-0.132677	1.186006	
