0.927041	-0.292577	-0.175054	-0.041045	-0.208154	-0.006308	-0.262450	
-0.292577	1.259078	-0.186607	-0.260496	-0.223290	-0.303698	-0.029499	
-0.175054	-0.186607	0.995911	-0.174869	-0.114645	-0.169977	-0.217403	
-0.041045	-0.260496	-0.174869	0.854220	-0.180028	-0.070868	-0.196097	
-0.208154	-0.223290	-0.114645	-0.180028	1.031522	-0.211950	-0.177392	
-0.006308	-0.303698	-0.169977	-0.070868	-0.211950	0.916442	-0.232079	
-0.262450	-0.029499	-0.217403	-0.196097	-0.177392	-0.232079	1.049958	
