0.000000	0.254109	0.212347	0.165321	0.211250	0.159485	0.228448	
0.254109	0.000000	0.232424	0.236518	0.230008	0.249488	0.187811	
0.212347	0.232424	0.000000	0.207163	0.197680	0.208777	0.225520	
0.165321	0.236518	0.207163	0.000000	0.192114	0.163895	0.199489	
0.211250	0.230008	0.197680	0.192114	0.000000	0.201396	0.197957	
0.159485	0.249488	0.208777	0.163895	0.201396	0.000000	0.209763	
0.228448	0.187811	0.225520	0.199489	0.197957	0.209763	0.000000	
