0.992535	-0.273424	-0.090814	-0.083856	-0.017513	-0.133831	-0.077485	-0.052206	-0.191910	-0.129454	
-0.273424	1.415371	-0.050347	-0.303220	-0.285747	-0.054893	-0.273167	-0.280289	0.201771	-0.223063	
-0.090814	-0.050347	0.857348	-0.155375	-0.089085	0.032705	-0.151469	-0.169413	-0.116631	-0.112818	
-0.083856	-0.303220	-0.155375	1.031075	-0.125466	-0.152580	0.102674	0.004398	-0.230921	-0.152231	
-0.017513	-0.285747	-0.089085	-0.125466	0.868075	-0.132198	-0.083585	-0.054564	-0.202083	0.076525	
-0.133831	-0.054893	0.032705	-0.152580	-0.132198	0.896851	-0.162819	-0.112286	-0.115625	-0.118059	
-0.077485	-0.273167	-0.151469	0.102674	-0.083585	-0.162819	0.936339	0.005511	-0.224187	-0.126372	
-0.052206	-0.280289	-0.169413	0.004398	-0.054564	-0.112286	0.005511	0.853800	-0.178695	-0.072259	
-0.191910	0.201771	-0.116631	-0.230921	-0.202083	-0.115625	-0.224187	-0.178695	1.138710	-0.195208	
-0.129454	-0.223063	-0.112818	-0.152231	0.076525	-0.118059	-0.126372	-0.072259	-0.195208	0.977365	
