0.000000	0.303802	0.217287	0.220867	0.194027	0.230651	0.211350	0.201858	0.258258	0.225284	
0.303802	0.000000	0.228863	0.311267	0.298249	0.232593	0.295197	0.292905	0.180519	0.269191	
0.217287	0.228863	0.000000	0.235424	0.208224	0.171683	0.228531	0.229593	0.224794	0.209441	
0.220867	0.311267	0.235424	0.000000	0.224066	0.233468	0.163648	0.187470	0.267303	0.232305	
0.194027	0.298249	0.208224	0.224066	0.000000	0.222264	0.206094	0.195541	0.252407	0.164918	
0.230651	0.232593	0.171683	0.233468	0.222264	0.000000	0.231735	0.214371	0.224201	0.209169	
0.211350	0.295197	0.228531	0.163648	0.206094	0.231735	0.000000	0.178523	0.258245	0.218328	
0.201858	0.292905	0.229593	0.187470	0.195541	0.214371	0.178523	0.000000	0.243940	0.199819	
0.258258	0.180519	0.224794	0.267303	0.252407	0.224201	0.258245	0.243940	0.000000	0.237389	
0.225284	0.269191	0.209441	0.232305	0.164918	0.209169	0.218328	0.199819	0.237389	0.000000	
