0.780533	0.018231	-0.129855	-0.108521	-0.161461	-0.003844	-0.101209	-0.037507	0.090852	-0.164620	-0.034264	-0.067027	-0.144684	
0.018231	0.909758	-0.159823	-0.131249	-0.141730	0.038364	-0.072653	0.033941	-0.026534	-0.170290	-0.085628	-0.087286	-0.180541	
-0.129855	-0.159823	1.338006	-0.087842	-0.079623	-0.182661	-0.176188	-0.182200	-0.159442	-0.086915	-0.134051	0.064208	-0.105876	
-0.108521	-0.131249	-0.087842	0.939506	-0.028694	-0.133374	-0.047665	-0.128109	-0.113223	-0.060655	0.092067	-0.169353	-0.099016	
-0.161461	-0.141730	-0.079623	-0.028694	1.267473	-0.140046	-0.084436	-0.122523	-0.147700	-0.080301	-0.126525	-0.134268	-0.087954	
-0.003844	0.038364	-0.182661	-0.133374	-0.140046	0.861547	0.022306	-0.034134	0.002995	-0.152735	-0.104110	-0.099954	-0.131615	
-0.101209	-0.072653	-0.176188	-0.047665	-0.084436	0.022306	1.009196	-0.089915	-0.107963	-0.089406	-0.107569	-0.140224	-0.098144	
-0.037507	0.033941	-0.182200	-0.128109	-0.122523	-0.034134	-0.089915	0.985479	-0.055936	-0.153741	-0.072892	-0.095840	-0.142271	
0.090852	-0.026534	-0.159442	-0.113223	-0.147700	0.002995	-0.107963	-0.055936	0.867686	-0.150305	-0.060106	-0.073645	-0.148265	
-0.164620	-0.170290	-0.086915	-0.060655	-0.080301	-0.152735	-0.089406	-0.153741	-0.150305	1.081285	-0.113676	-0.144899	0.150000	
-0.034264	-0.085628	-0.134051	0.092067	-0.126525	-0.104110	-0.107569	-0.072892	-0.060106	-0.113676	0.842722	-0.068074	-0.124401	
-0.067027	-0.087286	0.064208	-0.169353	-0.134268	-0.099954	-0.140224	-0.095840	-0.073645	-0.144899	-0.068074	1.061966	-0.136614	
-0.144684	-0.180541	-0.105876	-0.099016	-0.087954	-0.131615	-0.098144	-0.142271	-0.148265	0.150000	-0.124401	-0.136614	1.108043	
