0.782964	-0.119364	-0.032912	-0.154332	-0.170777	-0.099892	0.065680	0.009760	-0.060954	-0.041168	-0.005944	-0.116168	-0.045934	-0.069627	-0.112986	
-0.119364	0.935929	0.033350	-0.044784	-0.032608	0.065536	-0.141910	-0.093416	-0.096084	-0.127703	-0.084591	-0.054258	-0.028502	-0.182278	-0.010481	
-0.032912	0.033350	1.006571	-0.106061	-0.164192	-0.149001	0.016890	-0.080010	-0.138017	0.161867	-0.016612	-0.183008	-0.163229	-0.004962	-0.165502	
-0.154332	-0.044784	-0.106061	1.249643	0.180654	-0.056977	-0.148134	-0.182767	-0.097032	-0.146942	-0.179029	-0.119066	-0.136907	-0.104432	-0.129879	
-0.170777	-0.032608	-0.164192	0.180654	1.311600	-0.095955	-0.177896	-0.136858	-0.091704	-0.139780	-0.141092	-0.138061	-0.140421	-0.155298	-0.133482	
-0.099892	0.065536	-0.149001	-0.056977	-0.095955	1.023834	-0.172785	-0.100238	-0.080713	-0.001635	-0.115238	-0.053402	-0.099110	-0.145866	-0.045446	
0.065680	-0.141910	0.016890	-0.148134	-0.177896	-0.172785	0.809262	-0.003783	-0.110815	0.019329	0.007883	-0.161947	0.008286	-0.001090	-0.157572	
0.009760	-0.093416	-0.080010	-0.182767	-0.136858	-0.100238	-0.003783	0.828181	-0.104373	-0.066787	0.104001	-0.123054	-0.038836	-0.081099	-0.132331	
-0.060954	-0.096084	-0.138017	-0.097032	-0.091704	-0.080713	-0.110815	-0.104373	1.023590	-0.064290	-0.092907	-0.092676	-0.088183	-0.122554	-0.062679	
-0.041168	-0.127703	0.161867	-0.146942	-0.139780	-0.001635	0.019329	-0.066787	-0.064290	0.900565	-0.045608	-0.138272	-0.077943	-0.081043	-0.151325	
-0.005944	-0.084591	-0.016612	-0.179029	-0.141092	-0.115238	0.007883	0.104001	-0.092907	-0.045608	0.862317	-0.152169	-0.042179	-0.092697	-0.145352	
-0.116168	-0.054258	-0.183008	-0.119066	-0.138061	-0.053402	-0.161947	-0.123054	-0.092676	-0.138272	-0.152169	1.076427	-0.100795	-0.139313	0.186200	
-0.045934	-0.028502	-0.163229	-0.136907	-0.140421	-0.099110	0.008286	-0.038836	-0.088183	-0.077943	-0.042179	-0.100795	0.919677	-0.078191	-0.125176	
-0.069627	-0.182278	-0.004962	-0.104432	-0.155298	-0.145866	-0.001090	-0.081099	-0.122554	-0.081043	-0.092697	-0.139313	-0.078191	1.154254	-0.132847	
-0.112986	-0.010481	-0.165502	-0.129879	-0.133482	-0.045446	-0.157572	-0.132331	-0.062679	-0.151325	-0.145352	0.186200	-0.125176	-0.132847	1.067130	
