0.000000	0.169686	0.232186	0.206438	0.231048	0.172064	0.201384	0.183575	0.143716	0.222885	0.178549	0.196241	0.217854	
0.169686	0.000000	0.246764	0.222429	0.233053	0.172166	0.203218	0.172771	0.183239	0.230449	0.198280	0.208713	0.233788	
0.232186	0.246764	0.000000	0.229652	0.237939	0.246817	0.249304	0.247213	0.239225	0.228716	0.230949	0.191309	0.236695	
0.206438	0.222429	0.229652	0.000000	0.203100	0.217549	0.200487	0.218338	0.208433	0.201661	0.154289	0.235313	0.213546	
0.231048	0.233053	0.237939	0.203100	0.000000	0.230159	0.215162	0.226057	0.227001	0.219181	0.220953	0.233954	0.219141	
0.172064	0.172166	0.246817	0.217549	0.230159	0.000000	0.174199	0.186860	0.171393	0.223157	0.199001	0.210300	0.217979	
0.201384	0.203218	0.249304	0.200487	0.215162	0.174199	0.000000	0.201868	0.201660	0.207484	0.202106	0.218537	0.210825	
0.183575	0.172771	0.247213	0.218338	0.226057	0.186860	0.201868	0.000000	0.183497	0.221983	0.188336	0.204551	0.219978	
0.143716	0.183239	0.239225	0.208433	0.227001	0.171393	0.201660	0.183497	0.000000	0.215509	0.181487	0.194651	0.216107	
0.222885	0.230449	0.228716	0.201661	0.219181	0.223157	0.207484	0.221983	0.215509	0.000000	0.205035	0.221850	0.149133	
0.178549	0.198280	0.230949	0.154289	0.220953	0.199001	0.202106	0.188336	0.181487	0.205035	0.000000	0.191525	0.210066	
0.196241	0.208713	0.191309	0.235313	0.233954	0.210300	0.218537	0.204551	0.194651	0.221850	0.191525	0.000000	0.222713	
0.217854	0.233788	0.236695	0.213546	0.219141	0.217979	0.210825	0.219978	0.216107	0.149133	0.210066	0.222713	0.000000	
