0.000000	0.239963	0.232703	0.133333	0.252033	0.253653	0.255089	0.249564	0.254750	0.245387	0.227875	0.243440	0.261376	0.239289	0.242629	0.258850	0.281710	0.263178	0.246165	0.250922	0.263214	0.242752	0.257013	0.257685	0.255117	0.248220	0.245815	0.249117	0.194903	0.185627	0.253210	0.249358	0.249355	0.248568	0.246405	0.250324	0.252049	0.250803	0.259076	0.246495	0.249272	0.255765	0.248675	0.255807	
0.239963	0.000000	0.157994	0.242117	0.219209	0.209175	0.200891	0.223010	0.211972	0.196326	0.195763	0.185157	0.198407	0.202169	0.173138	0.203837	0.262614	0.220759	0.145997	0.210526	0.218952	0.152272	0.219796	0.224176	0.215686	0.223539	0.198064	0.215503	0.220026	0.192841	0.200624	0.219744	0.191210	0.150081	0.201397	0.203947	0.155429	0.217142	0.239173	0.198509	0.203056	0.157104	0.217719	0.234716	
0.232703	0.157994	0.000000	0.240730	0.204921	0.210477	0.203280	0.212249	0.205502	0.192943	0.176634	0.173956	0.216727	0.192377	0.158096	0.190013	0.249543	0.208000	0.177356	0.210368	0.221876	0.170037	0.219364	0.226447	0.211212	0.211294	0.148375	0.195212	0.223640	0.203877	0.199763	0.218702	0.192515	0.188482	0.195790	0.197980	0.192887	0.201685	0.224810	0.202220	0.191318	0.199122	0.210091	0.228562	
0.133333	0.242117	0.240730	0.000000	0.254166	0.248029	0.252735	0.248762	0.256093	0.248546	0.235390	0.239581	0.261305	0.243898	0.241032	0.262858	0.289628	0.260579	0.247471	0.259623	0.267074	0.241551	0.256497	0.259449	0.258349	0.258329	0.247916	0.257059	0.198183	0.185732	0.253798	0.243767	0.251148	0.251080	0.250706	0.254408	0.250541	0.252158	0.264392	0.247310	0.255109	0.258300	0.250938	0.267851	
0.252033	0.219209	0.204921	0.254166	0.000000	0.245422	0.239135	0.173740	0.247082	0.231412	0.169862	0.207671	0.236527	0.204819	0.205467	0.231939	0.260848	0.220345	0.223328	0.231324	0.228401	0.223418	0.235991	0.226788	0.176185	0.172394	0.190981	0.230896	0.244349	0.235473	0.234250	0.211988	0.222960	0.232005	0.208881	0.222088	0.242148	0.205665	0.220877	0.208227	0.220181	0.240418	0.203985	0.223156	
0.253653	0.209175	0.210477	0.248029	0.245422	0.000000	0.226575	0.231839	0.228435	0.206057	0.216741	0.212879	0.235345	0.217084	0.205098	0.231481	0.268559	0.245145	0.211455	0.250728	0.221684	0.214884	0.255002	0.231744	0.232019	0.228567	0.217336	0.230278	0.235109	0.233183	0.228320	0.169188	0.218266	0.220179	0.227155	0.225248	0.217433	0.240567	0.251505	0.229355	0.226684	0.225956	0.235350	0.250000	
0.255089	0.200891	0.203280	0.252735	0.239135	0.226575	0.000000	0.232089	0.235267	0.225950	0.223627	0.207949	0.227683	0.219414	0.206743	0.210768	0.258714	0.224303	0.209074	0.216151	0.235342	0.213752	0.215761	0.236629	0.231034	0.234657	0.220034	0.225164	0.237815	0.235249	0.212376	0.234461	0.230286	0.219243	0.161249	0.215321	0.217019	0.230437	0.242117	0.165529	0.222055	0.212847	0.223452	0.248969	
0.249564	0.223010	0.212249	0.248762	0.173740	0.231839	0.232089	0.000000	0.247936	0.214424	0.178332	0.220520	0.234276	0.199212	0.211429	0.241495	0.246493	0.221727	0.225345	0.220267	0.234399	0.229774	0.225989	0.233408	0.202063	0.193403	0.163095	0.230221	0.236449	0.232184	0.238314	0.168081	0.227308	0.225504	0.207254	0.222611	0.232866	0.205205	0.211272	0.206262	0.213644	0.235872	0.203950	0.213371	
0.254750	0.211972	0.205502	0.256093	0.247082	0.228435	0.235267	0.247936	0.000000	0.235937	0.236752	0.203649	0.262402	0.211546	0.209398	0.219679	0.262398	0.234592	0.205642	0.233419	0.255472	0.212437	0.234732	0.255160	0.242413	0.249262	0.226415	0.225414	0.243863	0.228587	0.232751	0.236650	0.157988	0.204541	0.234563	0.225783	0.202578	0.241096	0.261806	0.236593	0.229376	0.200689	0.237939	0.249638	
0.245387	0.196326	0.192943	0.248546	0.231412	0.206057	0.225950	0.214424	0.235937	0.000000	0.189962	0.214244	0.219883	0.215807	0.201992	0.216819	0.256506	0.220873	0.195090	0.240857	0.236119	0.194544	0.240271	0.231256	0.226906	0.223781	0.201072	0.234602	0.173113	0.222975	0.213935	0.220859	0.217612	0.217520	0.213441	0.225917	0.215086	0.216054	0.231698	0.214204	0.223605	0.224231	0.214482	0.233639	
0.227875	0.195763	0.176634	0.235390	0.169862	0.216741	0.223627	0.178332	0.236752	0.189962	0.000000	0.198185	0.222451	0.158913	0.188217	0.212642	0.234766	0.222628	0.206646	0.226277	0.215387	0.203894	0.231427	0.223756	0.202471	0.198491	0.180016	0.218424	0.215929	0.213795	0.212502	0.205424	0.210926	0.208127	0.161977	0.212675	0.216896	0.161785	0.177417	0.164651	0.208472	0.218185	0.158460	0.178965	
0.243440	0.185157	0.173956	0.239581	0.207671	0.212879	0.207949	0.220520	0.203649	0.214244	0.198185	0.000000	0.225130	0.208449	0.132918	0.205958	0.250140	0.217170	0.173481	0.227788	0.222616	0.180501	0.236042	0.222961	0.216786	0.211326	0.189847	0.192699	0.219649	0.208657	0.211489	0.223732	0.153407	0.208053	0.201113	0.186269	0.211392	0.209722	0.231674	0.201596	0.185426	0.205908	0.204811	0.234623	
0.261376	0.198407	0.216727	0.261305	0.236527	0.235345	0.227683	0.234276	0.262402	0.219883	0.222451	0.225130	0.000000	0.228315	0.202877	0.234943	0.263386	0.232818	0.193582	0.229798	0.232523	0.196595	0.227238	0.233915	0.228747	0.234508	0.220577	0.233257	0.239542	0.227364	0.166397	0.242618	0.234049	0.227903	0.232170	0.216048	0.223488	0.238896	0.248456	0.224053	0.215340	0.231585	0.230734	0.249134	
0.239289	0.202169	0.192377	0.243898	0.204819	0.217084	0.219414	0.199212	0.211546	0.215807	0.158913	0.208449	0.228315	0.000000	0.198784	0.217608	0.237714	0.221113	0.212683	0.225120	0.227502	0.207879	0.232923	0.223023	0.209512	0.209253	0.202874	0.223323	0.227802	0.228916	0.221208	0.213263	0.207662	0.189461	0.190751	0.216794	0.189917	0.191128	0.205839	0.191470	0.220525	0.192129	0.192536	0.208765	
0.242629	0.173138	0.158096	0.241032	0.205467	0.205098	0.206743	0.211429	0.209398	0.201992	0.188217	0.132918	0.202877	0.198784	0.000000	0.201171	0.258747	0.209828	0.166012	0.219446	0.220039	0.164320	0.223258	0.218616	0.215226	0.214107	0.184285	0.188679	0.223268	0.208131	0.192594	0.210854	0.173091	0.197321	0.200898	0.148832	0.199212	0.196527	0.233529	0.196730	0.148399	0.196929	0.202660	0.236170	
0.258850	0.203837	0.190013	0.262858	0.231939	0.231481	0.210768	0.241495	0.219679	0.216819	0.212642	0.205958	0.234943	0.217608	0.201171	0.000000	0.249958	0.225574	0.196320	0.233012	0.234520	0.197350	0.230667	0.239134	0.230211	0.231849	0.214676	0.226162	0.237355	0.229320	0.164789	0.245366	0.209935	0.207393	0.203783	0.213629	0.214210	0.220602	0.238967	0.204293	0.210526	0.213550	0.220048	0.229154	
0.281710	0.262614	0.249543	0.289628	0.260848	0.268559	0.258714	0.246493	0.262398	0.256506	0.234766	0.250140	0.263386	0.237714	0.258747	0.249958	0.000000	0.245993	0.256675	0.209315	0.251424	0.261957	0.209931	0.257790	0.257613	0.254374	0.253023	0.233648	0.258376	0.262645	0.254810	0.259242	0.261619	0.252682	0.250850	0.239222	0.259219	0.260876	0.189158	0.251156	0.233529	0.256442	0.246887	0.195449	
0.263178	0.220759	0.208000	0.260579	0.220345	0.245145	0.224303	0.221727	0.234592	0.220873	0.222628	0.217170	0.232818	0.221113	0.209828	0.225574	0.245993	0.000000	0.214174	0.212513	0.224173	0.219653	0.209854	0.223172	0.222744	0.223408	0.210382	0.214176	0.245354	0.237113	0.230769	0.229500	0.225291	0.219030	0.224219	0.211174	0.222894	0.173891	0.240082	0.224856	0.211739	0.220690	0.169893	0.246225	
0.246165	0.145997	0.177356	0.247471	0.223328	0.211455	0.209074	0.225345	0.205642	0.195090	0.206646	0.173481	0.193582	0.212683	0.166012	0.196320	0.256675	0.214174	0.000000	0.224550	0.219034	0.084212	0.230371	0.221737	0.218492	0.219364	0.198723	0.212146	0.221716	0.162158	0.187997	0.218336	0.185535	0.180691	0.207805	0.197652	0.183687	0.213553	0.237296	0.210813	0.196088	0.187388	0.215917	0.241862	
0.250922	0.210526	0.210368	0.259623	0.231324	0.250728	0.216151	0.220267	0.233419	0.240857	0.226277	0.227788	0.229798	0.225120	0.219446	0.233012	0.209315	0.212513	0.224550	0.000000	0.236931	0.225386	0.124197	0.243772	0.233926	0.237049	0.209596	0.164551	0.241714	0.238780	0.231009	0.234745	0.225699	0.223870	0.217111	0.171017	0.230218	0.218341	0.225106	0.215492	0.173106	0.225615	0.223369	0.217701	
0.263214	0.218952	0.221876	0.267074	0.228401	0.221684	0.235342	0.234399	0.255472	0.236119	0.215387	0.222616	0.232523	0.227502	0.220039	0.234520	0.251424	0.224173	0.219034	0.236931	0.000000	0.225551	0.243907	0.122890	0.169709	0.166890	0.224735	0.238764	0.249118	0.246144	0.226444	0.231661	0.238636	0.223083	0.224605	0.226166	0.235833	0.228113	0.241149	0.226174	0.230638	0.233798	0.225501	0.244610	
0.242752	0.152272	0.170037	0.241551	0.223418	0.214884	0.213752	0.229774	0.212437	0.194544	0.203894	0.180501	0.196595	0.207879	0.164320	0.197350	0.261957	0.219653	0.084212	0.225386	0.225551	0.000000	0.226508	0.226450	0.222526	0.222598	0.199562	0.213579	0.222987	0.167832	0.194649	0.221810	0.192411	0.185123	0.207887	0.202789	0.184960	0.218976	0.241101	0.206638	0.198858	0.194917	0.219328	0.237831	
0.257013	0.219796	0.219364	0.256497	0.235991	0.255002	0.215761	0.225989	0.234732	0.240271	0.231427	0.236042	0.227238	0.232923	0.223258	0.230667	0.209931	0.209854	0.230371	0.124197	0.243907	0.226508	0.000000	0.248926	0.235020	0.244180	0.224461	0.181632	0.247875	0.244931	0.227080	0.239648	0.234213	0.231768	0.219512	0.172479	0.225009	0.226190	0.222741	0.223469	0.169289	0.227871	0.227615	0.224952	
0.257685	0.224176	0.226447	0.259449	0.226788	0.231744	0.236629	0.233408	0.255160	0.231256	0.223756	0.222961	0.233915	0.223023	0.218616	0.239134	0.257790	0.223172	0.221737	0.243772	0.122890	0.226450	0.248926	0.000000	0.166950	0.166438	0.228639	0.240644	0.246668	0.243365	0.230295	0.235009	0.237035	0.230562	0.227047	0.226639	0.230867	0.229590	0.246039	0.230254	0.226711	0.235415	0.232009	0.240839	
0.255117	0.215686	0.211212	0.258349	0.176185	0.232019	0.231034	0.202063	0.242413	0.226906	0.202471	0.216786	0.228747	0.209512	0.215226	0.230211	0.257613	0.222744	0.218492	0.233926	0.169709	0.222526	0.235020	0.166950	0.000000	0.165122	0.202807	0.228349	0.237151	0.228082	0.223435	0.216593	0.220847	0.219992	0.211002	0.221352	0.230187	0.214995	0.223322	0.212364	0.222085	0.224512	0.209149	0.229732	
0.248220	0.223539	0.211294	0.258329	0.172394	0.228567	0.234657	0.193403	0.249262	0.223781	0.198491	0.211326	0.234508	0.209253	0.214107	0.231849	0.254374	0.223408	0.219364	0.237049	0.166890	0.222598	0.244180	0.166438	0.165122	0.000000	0.199043	0.233270	0.234099	0.230769	0.224926	0.216812	0.222690	0.224313	0.213308	0.221140	0.229359	0.212786	0.222237	0.211523	0.218868	0.233194	0.212369	0.226633	
0.245815	0.198064	0.148375	0.247916	0.190981	0.217336	0.220034	0.163095	0.226415	0.201072	0.180016	0.189847	0.220577	0.202874	0.184285	0.214676	0.253023	0.210382	0.198723	0.209596	0.224735	0.199562	0.224461	0.228639	0.202807	0.199043	0.000000	0.207585	0.218494	0.213341	0.212643	0.191808	0.206249	0.205101	0.198320	0.204703	0.211010	0.199553	0.213741	0.195684	0.193669	0.213409	0.198211	0.214642	
0.249117	0.215503	0.195212	0.257059	0.230896	0.230278	0.225164	0.230221	0.225414	0.234602	0.218424	0.192699	0.233257	0.223323	0.188679	0.226162	0.233648	0.214176	0.212146	0.164551	0.238764	0.213579	0.181632	0.240644	0.228349	0.233270	0.207585	0.000000	0.235590	0.222057	0.222400	0.229269	0.201705	0.217374	0.216249	0.174132	0.214363	0.215247	0.220158	0.208553	0.175568	0.219394	0.217058	0.217047	
0.194903	0.220026	0.223640	0.198183	0.244349	0.235109	0.237815	0.236449	0.243863	0.173113	0.215929	0.219649	0.239542	0.227802	0.223268	0.237355	0.258376	0.245354	0.221716	0.241714	0.249118	0.222987	0.247875	0.246668	0.237151	0.234099	0.218494	0.235590	0.000000	0.195443	0.232477	0.234485	0.228507	0.226954	0.222749	0.233080	0.228262	0.229452	0.238676	0.220154	0.233952	0.236016	0.223570	0.236423	
0.185627	0.192841	0.203877	0.185732	0.235473	0.233183	0.235249	0.232184	0.228587	0.222975	0.213795	0.208657	0.227364	0.228916	0.208131	0.229320	0.262645	0.237113	0.162158	0.238780	0.246144	0.167832	0.244931	0.243365	0.228082	0.230769	0.213341	0.222057	0.195443	0.000000	0.219819	0.222403	0.211250	0.208706	0.212976	0.214208	0.214444	0.224725	0.240855	0.222391	0.219379	0.216703	0.225316	0.242139	
0.253210	0.200624	0.199763	0.253798	0.234250	0.228320	0.212376	0.238314	0.232751	0.213935	0.212502	0.211489	0.166397	0.221208	0.192594	0.164789	0.254810	0.230769	0.187997	0.231009	0.226444	0.194649	0.227080	0.230295	0.223435	0.224926	0.212643	0.222400	0.232477	0.219819	0.000000	0.230119	0.212446	0.210562	0.208607	0.203175	0.214295	0.221144	0.234480	0.212648	0.202668	0.210420	0.215911	0.235286	
0.249358	0.219744	0.218702	0.243767	0.211988	0.169188	0.234461	0.168081	0.236650	0.220859	0.205424	0.223732	0.242618	0.213263	0.210854	0.245366	0.259242	0.229500	0.218336	0.234745	0.231661	0.221810	0.239648	0.235009	0.216593	0.216812	0.191808	0.229269	0.234485	0.222403	0.230119	0.000000	0.220793	0.217584	0.208604	0.226048	0.217292	0.211251	0.226670	0.213997	0.224000	0.223179	0.214614	0.225266	
0.249355	0.191210	0.192515	0.251148	0.222960	0.218266	0.230286	0.227308	0.157988	0.217612	0.210926	0.153407	0.234049	0.207662	0.173091	0.209935	0.261619	0.225291	0.185535	0.225699	0.238636	0.192411	0.234213	0.237035	0.220847	0.222690	0.206249	0.201705	0.228507	0.211250	0.212446	0.220793	0.000000	0.199595	0.209488	0.201506	0.198376	0.218562	0.239272	0.210902	0.197905	0.201809	0.217642	0.229167	
0.248568	0.150081	0.188482	0.251080	0.232005	0.220179	0.219243	0.225504	0.204541	0.217520	0.208127	0.208053	0.227903	0.189461	0.197321	0.207393	0.252682	0.219030	0.180691	0.223870	0.223083	0.185123	0.231768	0.230562	0.219992	0.224313	0.205101	0.217374	0.226954	0.208706	0.210562	0.217584	0.199595	0.000000	0.211377	0.211437	0.159221	0.223132	0.234477	0.205874	0.206296	0.150855	0.216575	0.228819	
0.246405	0.201397	0.195790	0.250706	0.208881	0.227155	0.161249	0.207254	0.234563	0.213441	0.161977	0.201113	0.232170	0.190751	0.200898	0.203783	0.250850	0.224219	0.207805	0.217111	0.224605	0.207887	0.219512	0.227047	0.211002	0.213308	0.198320	0.216249	0.222749	0.212976	0.208607	0.208604	0.209488	0.211377	0.000000	0.206401	0.214948	0.189593	0.207934	0.144749	0.205902	0.216089	0.190019	0.202367	
0.250324	0.203947	0.197980	0.254408	0.222088	0.225248	0.215321	0.222611	0.225783	0.225917	0.212675	0.186269	0.216048	0.216794	0.148832	0.213629	0.239222	0.211174	0.197652	0.171017	0.226166	0.202789	0.172479	0.226639	0.221352	0.221140	0.204703	0.174132	0.233080	0.214208	0.203175	0.226048	0.201506	0.211437	0.206401	0.000000	0.213173	0.205360	0.220341	0.202719	0.153089	0.213137	0.209185	0.221785	
0.252049	0.155429	0.192887	0.250541	0.242148	0.217433	0.217019	0.232866	0.202578	0.215086	0.216896	0.211392	0.223488	0.189917	0.199212	0.214210	0.259219	0.222894	0.183687	0.230218	0.235833	0.184960	0.225009	0.230867	0.230187	0.229359	0.211010	0.214363	0.228262	0.214444	0.214295	0.217292	0.198376	0.159221	0.214948	0.213173	0.000000	0.223118	0.238880	0.207124	0.212380	0.149818	0.217012	0.231870	
0.250803	0.217142	0.201685	0.252158	0.205665	0.240567	0.230437	0.205205	0.241096	0.216054	0.161785	0.209722	0.238896	0.191128	0.196527	0.220602	0.260876	0.173891	0.213553	0.218341	0.228113	0.218976	0.226190	0.229590	0.214995	0.212786	0.199553	0.215247	0.229452	0.224725	0.221144	0.211251	0.218562	0.223132	0.189593	0.205360	0.223118	0.000000	0.209239	0.188942	0.208433	0.222968	0.160282	0.209383	
0.259076	0.239173	0.224810	0.264392	0.220877	0.251505	0.242117	0.211272	0.261806	0.231698	0.177417	0.231674	0.248456	0.205839	0.233529	0.238967	0.189158	0.240082	0.237296	0.225106	0.241149	0.241101	0.222741	0.246039	0.223322	0.222237	0.213741	0.220158	0.238676	0.240855	0.234480	0.226670	0.239272	0.234477	0.207934	0.220341	0.238880	0.209239	0.000000	0.202145	0.219774	0.241347	0.202591	0.178497	
0.246495	0.198509	0.202220	0.247310	0.208227	0.229355	0.165529	0.206262	0.236593	0.214204	0.164651	0.201596	0.224053	0.191470	0.196730	0.204293	0.251156	0.224856	0.210813	0.215492	0.226174	0.206638	0.223469	0.230254	0.212364	0.211523	0.195684	0.208553	0.220154	0.222391	0.212648	0.213997	0.210902	0.205874	0.144749	0.202719	0.207124	0.188942	0.202145	0.000000	0.207632	0.211169	0.187326	0.196563	
0.249272	0.203056	0.191318	0.255109	0.220181	0.226684	0.222055	0.213644	0.229376	0.223605	0.208472	0.185426	0.215340	0.220525	0.148399	0.210526	0.233529	0.211739	0.196088	0.173106	0.230638	0.198858	0.169289	0.226711	0.222085	0.218868	0.193669	0.175568	0.233952	0.219379	0.202668	0.224000	0.197905	0.206296	0.205902	0.153089	0.212380	0.208433	0.219774	0.207632	0.000000	0.214315	0.207963	0.218991	
0.255765	0.157104	0.199122	0.258300	0.240418	0.225956	0.212847	0.235872	0.200689	0.224231	0.218185	0.205908	0.231585	0.192129	0.196929	0.213550	0.256442	0.220690	0.187388	0.225615	0.233798	0.194917	0.227871	0.235415	0.224512	0.233194	0.213409	0.219394	0.236016	0.216703	0.210420	0.223179	0.201809	0.150855	0.216089	0.213137	0.149818	0.222968	0.241347	0.211169	0.214315	0.000000	0.221730	0.238019	
0.248675	0.217719	0.210091	0.250938	0.203985	0.235350	0.223452	0.203950	0.237939	0.214482	0.158460	0.204811	0.230734	0.192536	0.202660	0.220048	0.246887	0.169893	0.215917	0.223369	0.225501	0.219328	0.227615	0.232009	0.209149	0.212369	0.198211	0.217058	0.223570	0.225316	0.215911	0.214614	0.217642	0.216575	0.190019	0.209185	0.217012	0.160282	0.202591	0.187326	0.207963	0.221730	0.000000	0.210193	
0.255807	0.234716	0.228562	0.267851	0.223156	0.250000	0.248969	0.213371	0.249638	0.233639	0.178965	0.234623	0.249134	0.208765	0.236170	0.229154	0.195449	0.246225	0.241862	0.217701	0.244610	0.237831	0.224952	0.240839	0.229732	0.226633	0.214642	0.217047	0.236423	0.242139	0.235286	0.225266	0.229167	0.228819	0.202367	0.221785	0.231870	0.209383	0.178497	0.196563	0.218991	0.238019	0.210193	0.000000	
