1.364391	-0.068988	-0.055108	0.568066	-0.035468	-0.023401	-0.043078	-0.043843	-0.031669	-0.045198	-0.034746	-0.059175	-0.055924	-0.054988	-0.089733	-0.084765	-0.067038	-0.085103	-0.086077	-0.044078	-0.058764	-0.062837	-0.056546	-0.042330	-0.066570	-0.041788	-0.082980	-0.051303	0.203808	0.202918	-0.076279	-0.019931	-0.071294	-0.078958	-0.058745	-0.085361	-0.079653	-0.070203	-0.050318	-0.058962	-0.083024	-0.089452	-0.078892	-0.039961	
-0.068988	0.699205	0.072941	-0.061437	-0.063204	-0.016243	0.004257	-0.075359	-0.021902	-0.002770	-0.040013	0.002523	0.023690	-0.034234	0.025046	-0.014172	-0.127652	-0.064990	0.121921	-0.031931	-0.046702	0.116902	-0.048333	-0.061507	-0.048358	-0.073329	-0.026187	-0.048091	-0.040482	0.020369	-0.008386	-0.060047	0.006730	0.148149	-0.028785	-0.039990	0.127092	-0.070115	-0.095985	-0.022640	-0.036017	0.130522	-0.064068	-0.090486	
-0.055108	0.072941	0.737986	-0.072562	-0.019596	-0.024907	-0.020526	-0.048496	-0.011694	0.010397	0.013088	0.040825	-0.028851	-0.007763	0.067581	0.014359	-0.094998	-0.025231	0.020805	-0.051067	-0.059252	0.044029	-0.063264	-0.077559	-0.044882	-0.044919	0.133446	0.004182	-0.052106	-0.026261	-0.005525	-0.052917	-0.002683	0.002476	-0.020665	-0.030370	-0.004260	-0.017044	-0.065360	-0.036675	-0.001774	-0.016299	-0.046869	-0.067369	
0.568066	-0.061437	-0.072562	1.446574	-0.028619	0.021443	-0.014609	-0.035318	-0.035344	-0.048962	-0.036464	-0.063921	-0.046672	-0.053256	-0.080036	-0.101724	-0.074437	-0.069519	-0.086582	-0.052611	-0.075655	-0.065050	-0.058002	-0.039507	-0.074751	-0.073262	-0.084741	-0.076708	0.184012	0.218011	-0.069156	0.002799	-0.069905	-0.078484	-0.070856	-0.093385	-0.068672	-0.076640	-0.064864	-0.055614	-0.097623	-0.091609	-0.079889	-0.085415	
-0.035468	-0.063204	-0.019596	-0.028619	0.957486	-0.080596	-0.077510	0.130032	-0.074447	-0.058381	0.099898	-0.020278	-0.049099	0.010972	-0.030950	-0.037360	-0.073506	-0.007516	-0.064515	-0.046777	-0.025524	-0.056902	-0.061833	-0.013458	0.148930	0.155061	0.027701	-0.064238	-0.064683	-0.064864	-0.061324	0.009410	-0.050794	-0.087378	-0.015276	-0.058412	-0.106945	0.016161	-0.004072	-0.014663	-0.052477	-0.097759	0.018892	-0.007861	
-0.023401	-0.016243	-0.024907	0.021443	-0.080596	1.209062	-0.025813	-0.029551	-0.002905	0.040854	-0.041660	-0.028909	-0.033247	-0.022345	-0.006976	-0.046396	-0.064543	-0.082912	-0.021085	-0.092111	0.019897	-0.035886	-0.100362	-0.019070	-0.044737	-0.026394	-0.028218	-0.042331	-0.022475	-0.038648	-0.031887	0.238294	-0.009148	-0.031039	-0.052356	-0.044282	-0.010558	-0.075099	-0.077219	-0.051849	-0.046279	-0.039315	-0.074371	-0.067724	
-0.043078	0.004257	-0.020526	-0.014609	-0.077510	-0.025813	1.083753	-0.058254	-0.055773	-0.039075	-0.077687	-0.011583	-0.016349	-0.040470	-0.030631	0.008410	-0.036853	-0.036034	-0.030294	0.011080	-0.053541	-0.032158	0.024422	-0.053052	-0.059272	-0.064006	-0.046846	-0.041570	-0.025800	-0.065428	-0.006425	-0.054446	-0.070111	-0.022850	0.188700	-0.023325	-0.019579	-0.077422	-0.049035	0.163891	-0.047576	-0.001886	-0.038061	-0.069844	
-0.043843	-0.075359	-0.048496	-0.035318	0.130032	-0.029551	-0.058254	0.958531	-0.079326	-0.012510	0.059500	-0.067024	-0.056905	0.013643	-0.047813	-0.090168	-0.042201	-0.022930	-0.083769	-0.016792	-0.048984	-0.091412	-0.032865	-0.047500	0.026792	0.062269	0.125958	-0.066950	-0.058900	-0.055577	-0.099338	0.181488	-0.055111	-0.058525	-0.013456	-0.062383	-0.065105	0.003310	0.012387	-0.005236	-0.037943	-0.080557	-0.000021	0.005724	
-0.031669	-0.021902	-0.011694	-0.035344	-0.074447	-0.002905	-0.055773	-0.079326	1.301458	-0.061039	-0.103195	0.037756	-0.112514	0.010260	-0.022494	0.035592	-0.053483	-0.038753	-0.008938	-0.036432	-0.094308	-0.027815	-0.040252	-0.088109	-0.064415	-0.086890	-0.054549	-0.020826	-0.040656	-0.020312	-0.033991	-0.010661	0.252914	0.037260	-0.064598	-0.040719	0.058977	-0.076806	-0.100432	-0.085161	-0.056039	0.055583	-0.056120	-0.057135	
-0.045198	-0.002770	0.010397	-0.048962	-0.058381	0.040854	-0.039075	-0.012510	-0.061039	1.112694	0.028695	-0.046771	0.005028	-0.043367	-0.031579	-0.019389	-0.049907	-0.018774	0.004971	-0.093517	-0.047177	0.009147	-0.080757	-0.037191	-0.049758	-0.040696	0.005464	-0.083485	0.200983	-0.043982	-0.005929	-0.015740	-0.043772	-0.038854	-0.047571	-0.071537	-0.033374	-0.027989	-0.035984	-0.042587	-0.057886	-0.055445	-0.017194	-0.050864	
-0.034746	-0.040013	0.013088	-0.036464	0.099898	-0.041660	-0.077687	0.059500	-0.103195	0.028695	0.708959	-0.037403	-0.053401	0.099071	-0.015671	-0.048747	-0.044840	-0.080138	-0.063015	-0.092486	-0.044885	-0.055356	-0.095872	-0.062719	-0.017683	-0.000616	0.023154	-0.071642	-0.034109	-0.048381	-0.050356	-0.028708	-0.063235	-0.054527	0.087456	-0.067719	-0.077212	0.100772	0.084378	0.075102	-0.064647	-0.076724	0.113254	0.080177	
-0.059175	0.002523	0.040825	-0.063921	-0.020278	-0.028909	-0.011583	-0.067024	0.037756	-0.046771	-0.037403	0.820811	-0.056868	-0.052289	0.148330	-0.021891	-0.048862	-0.042543	0.048771	-0.079037	-0.054783	0.029442	-0.093008	-0.051574	-0.053695	-0.033539	0.021787	0.035088	-0.028756	-0.013110	-0.027998	-0.069039	0.163816	-0.041386	-0.031085	0.022608	-0.048630	-0.039767	-0.059420	-0.032311	0.018053	-0.021378	-0.027396	-0.067206	
-0.055924	0.023690	-0.028851	-0.046672	-0.049099	-0.033247	-0.016349	-0.056905	-0.112514	0.005028	-0.053401	-0.056868	1.283423	-0.059941	-0.001333	-0.045760	-0.040343	-0.038583	0.039926	-0.017993	-0.028147	0.018176	0.003336	-0.025318	-0.034921	-0.056813	-0.039068	-0.046182	-0.014054	-0.018504	0.220120	-0.076769	-0.065187	-0.052675	-0.069198	-0.011823	-0.036654	-0.082484	-0.062624	-0.046814	-0.014983	-0.048370	-0.061462	-0.069992	
-0.054988	-0.034234	-0.007763	-0.053256	0.010972	-0.022345	-0.040470	0.013643	0.010260	-0.043367	0.099071	-0.052289	-0.059941	0.902512	-0.034968	-0.030198	-0.029079	-0.038319	-0.063771	-0.058310	-0.056650	-0.051005	-0.067000	-0.024799	-0.016708	-0.014167	-0.035012	-0.071881	-0.054435	-0.077752	-0.061960	-0.028191	-0.026635	0.044943	0.011216	-0.063242	0.048070	0.031202	0.016482	0.007661	-0.079531	0.048098	0.023413	-0.001042	
-0.089733	0.025046	0.067581	-0.080036	-0.030950	-0.006976	-0.030631	-0.047813	-0.022494	-0.031579	-0.015671	0.148330	-0.001333	-0.034968	0.681123	-0.024936	-0.120388	-0.037282	0.059665	-0.068386	-0.056778	0.062684	-0.067406	-0.054765	-0.058248	-0.056915	0.009617	0.037537	-0.067424	-0.038316	0.007079	-0.039263	0.055502	-0.022082	-0.047549	0.133706	-0.025686	-0.003244	-0.094774	-0.028659	0.121063	-0.010904	-0.033210	-0.100843	
-0.084765	-0.014172	0.014359	-0.101724	-0.037360	-0.046396	0.008410	-0.090168	0.035592	-0.019389	-0.048747	-0.021891	-0.045760	-0.030198	-0.024936	1.068032	-0.007307	-0.022451	0.008507	-0.052268	-0.043500	0.026563	-0.025739	-0.053146	-0.054246	-0.061144	-0.045035	-0.051694	-0.069410	-0.055566	0.184490	-0.099985	0.016847	0.001580	0.000763	-0.035775	-0.024139	-0.030030	-0.057160	-0.003349	-0.017360	-0.018016	-0.033963	-0.010613	
-0.067038	-0.127652	-0.094998	-0.074437	-0.073506	-0.064543	-0.036853	-0.042201	-0.053483	-0.049907	-0.044840	-0.048862	-0.040343	-0.029079	-0.120388	-0.007307	1.492546	-0.019098	-0.104075	0.113649	-0.013581	-0.109022	0.140133	-0.020714	-0.077383	-0.057060	-0.098858	0.018945	-0.038126	-0.080534	-0.044336	-0.073097	-0.093696	-0.070149	-0.078803	-0.034404	-0.085443	-0.094596	0.269779	-0.085484	-0.006822	-0.062699	-0.051623	0.228098	
-0.085103	-0.064990	-0.025231	-0.069519	-0.007516	-0.082912	-0.036034	-0.022930	-0.038753	-0.018774	-0.080138	-0.042543	-0.038583	-0.038319	-0.037282	-0.022451	-0.019098	1.113570	-0.036230	0.018468	-0.011647	-0.050880	0.043806	0.004674	-0.022359	-0.028694	-0.021319	0.002292	-0.079630	-0.067778	-0.058197	-0.035155	-0.054061	-0.033828	-0.065988	-0.011262	-0.039912	0.174124	-0.054658	-0.064897	-0.015144	-0.025988	0.166444	-0.088258	
-0.086077	0.121921	0.020805	-0.086582	-0.064515	-0.021085	-0.030294	-0.083769	-0.008938	0.004971	-0.063015	0.048771	0.039926	-0.063771	0.059665	0.008507	-0.104075	-0.036230	0.703311	-0.063171	-0.045484	0.364204	-0.078215	-0.049663	-0.064459	-0.062652	-0.025284	-0.040519	-0.044659	0.113177	0.027563	-0.056724	0.026674	0.036598	-0.053315	-0.010713	0.030791	-0.060819	-0.098950	-0.059249	-0.011748	0.022819	-0.065371	-0.108890	
-0.044078	-0.031931	-0.051067	-0.052611	-0.046777	-0.092111	0.011080	-0.016792	-0.036432	-0.093517	-0.092486	-0.079037	-0.017993	-0.058310	-0.068386	-0.052268	0.113649	0.018468	-0.063171	0.920080	-0.056114	-0.072084	0.361163	-0.072133	-0.065116	-0.067927	-0.023541	0.193136	-0.066412	-0.079791	-0.055558	-0.060802	-0.062994	-0.057823	-0.042059	0.133710	-0.068301	-0.022456	-0.015057	-0.037821	0.113404	-0.042562	-0.054748	0.015781	
-0.058764	-0.046702	-0.059252	-0.075655	-0.025524	0.019897	-0.053541	-0.048984	-0.094308	-0.047177	-0.044885	-0.054783	-0.028147	-0.056650	-0.056778	-0.043500	-0.013581	-0.011647	-0.045484	-0.056114	1.089795	-0.050731	-0.062197	0.412968	0.203316	0.200886	-0.047969	-0.067550	-0.066911	-0.074733	-0.034018	-0.038235	-0.090217	-0.022337	-0.045936	-0.050284	-0.065983	-0.046947	-0.052264	-0.063594	-0.065131	-0.048065	-0.049558	-0.058922	
-0.062837	0.116902	0.044029	-0.065050	-0.056902	-0.035886	-0.032158	-0.091412	-0.027815	0.009147	-0.055356	0.029442	0.018176	-0.051005	0.062684	0.026563	-0.109022	-0.050880	0.364204	-0.072084	-0.050731	0.740307	-0.065457	-0.053813	-0.063166	-0.064244	-0.023138	-0.048561	-0.051598	0.113105	0.016702	-0.055936	0.006724	0.029327	-0.047828	-0.030029	0.037746	-0.074216	-0.100493	-0.038037	-0.020384	0.015133	-0.071898	-0.087274	
-0.056546	-0.048333	-0.063264	-0.058002	-0.061833	-0.100362	0.024422	-0.032865	-0.040252	-0.080757	-0.095872	-0.093008	0.003336	-0.067000	-0.067406	-0.025739	0.140133	0.043806	-0.078215	0.361163	-0.062197	-0.065457	0.955630	-0.082659	-0.060255	-0.083225	-0.063801	0.130682	-0.074822	-0.071867	-0.033736	-0.076881	-0.067762	-0.071393	-0.031824	0.155408	-0.043369	-0.042715	0.022893	-0.055250	0.155868	-0.043869	-0.049861	0.013740	
-0.042330	-0.061507	-0.077559	-0.039507	-0.013458	-0.019070	-0.053052	-0.047500	-0.088109	-0.037191	-0.062719	-0.051574	-0.025318	-0.024799	-0.054765	-0.053146	-0.020714	0.004674	-0.049663	-0.072133	0.412968	-0.053813	-0.082659	1.066530	0.201046	0.220876	-0.058633	-0.073713	-0.059188	-0.062746	-0.027509	-0.051010	-0.075904	-0.047418	-0.049125	-0.044255	-0.041508	-0.042445	-0.062700	-0.073533	-0.049295	-0.052332	-0.065402	-0.041486	
-0.066570	-0.048358	-0.044882	-0.074751	0.148930	-0.044737	-0.059272	0.026792	-0.064415	-0.049758	-0.017683	-0.053695	-0.034921	-0.016708	-0.058248	-0.054246	-0.077383	-0.022359	-0.064459	-0.065116	0.203316	-0.063166	-0.060255	0.201046	1.000403	0.170409	-0.011996	-0.061980	-0.067387	-0.060805	-0.051143	-0.018644	-0.055473	-0.050744	-0.029899	-0.064507	-0.081405	-0.026961	-0.017085	-0.040289	-0.064230	-0.054800	-0.017215	-0.046941	
-0.041788	-0.073329	-0.044919	-0.073262	0.155061	-0.026394	-0.064006	0.062269	-0.086890	-0.040696	-0.000616	-0.033539	-0.056813	-0.014167	-0.056915	-0.061144	-0.057060	-0.028694	-0.062652	-0.067927	0.200886	-0.064244	-0.083225	0.220876	0.170409	0.961239	0.004551	-0.077753	-0.051652	-0.068254	-0.054687	-0.023540	-0.061464	-0.068685	-0.038007	-0.055008	-0.070652	-0.024348	-0.016699	-0.038618	-0.051554	-0.080369	-0.030336	-0.034193	
-0.082980	-0.026187	0.133446	-0.084741	0.027701	-0.028218	-0.046846	0.125958	-0.054549	0.005464	0.023154	0.021787	-0.039068	-0.035012	0.009617	-0.045035	-0.098858	-0.021319	-0.025284	-0.023541	-0.047969	-0.023138	-0.063801	-0.058633	-0.011996	0.004551	0.834347	-0.028069	-0.039090	-0.040858	-0.044976	0.042648	-0.032903	-0.031113	-0.027148	-0.039132	-0.043067	-0.022608	-0.028988	-0.015172	-0.009043	-0.050023	-0.010081	-0.026480	
-0.051303	-0.048091	0.004182	-0.076708	-0.064238	-0.042331	-0.041570	-0.066950	-0.020826	-0.083485	-0.071642	0.035088	-0.046182	-0.071881	0.037537	-0.051694	0.018945	0.002292	-0.040519	0.193136	-0.067550	-0.048561	0.130682	-0.073713	-0.061980	-0.077753	-0.028069	0.954978	-0.065660	-0.040204	-0.050072	-0.063752	0.012328	-0.044233	-0.048131	0.107027	-0.022525	-0.028573	-0.023315	-0.030921	0.088632	-0.035266	-0.047893	0.000109	
0.203808	-0.040482	-0.052106	0.184012	-0.064683	-0.022475	-0.025800	-0.058900	-0.040656	0.200983	-0.034109	-0.028756	-0.014054	-0.054435	-0.067424	-0.069410	-0.038126	-0.079630	-0.044659	-0.066412	-0.066911	-0.051598	-0.074822	-0.059188	-0.067387	-0.051652	-0.039090	-0.065660	1.255961	0.104914	-0.053026	-0.055182	-0.049496	-0.044902	-0.041455	-0.070024	-0.044983	-0.061939	-0.039715	-0.040261	-0.082579	-0.067858	-0.045497	-0.050055	
0.202918	0.020369	-0.026261	0.218011	-0.064864	-0.038648	-0.065428	-0.055577	-0.020312	-0.043982	-0.048381	-0.013110	-0.018504	-0.077752	-0.038316	-0.055566	-0.080534	-0.067778	0.113177	-0.079791	-0.074733	0.113105	-0.071867	-0.062746	-0.060805	-0.068254	-0.040858	-0.040204	0.104914	1.023115	-0.033972	-0.024558	-0.016513	-0.015586	-0.034369	-0.031222	-0.027464	-0.065670	-0.075701	-0.066060	-0.052351	-0.030730	-0.069820	-0.086760	
-0.076279	-0.008386	-0.005525	-0.069156	-0.061324	-0.031887	-0.006425	-0.099338	-0.033991	-0.005929	-0.050356	-0.027998	0.220120	-0.061960	0.007079	0.184490	-0.044336	-0.058197	0.027563	-0.055558	-0.034018	0.016702	-0.033736	-0.027509	-0.051143	-0.054687	-0.044976	-0.050072	-0.053026	-0.033972	1.014670	-0.067352	-0.029738	-0.022949	-0.035599	-0.009836	-0.032706	-0.052460	-0.057415	-0.047875	-0.000698	-0.003212	-0.036983	-0.071315	
-0.019931	-0.060047	-0.052917	0.002799	0.009410	0.238294	-0.054446	0.181488	-0.010661	-0.015740	-0.028708	-0.069039	-0.076769	-0.028191	-0.039263	-0.099985	-0.073097	-0.035155	-0.056724	-0.060802	-0.038235	-0.055936	-0.076881	-0.051010	-0.018644	-0.023540	0.042648	-0.063752	-0.055182	-0.024558	-0.067352	1.100525	-0.035941	-0.037778	-0.006762	-0.076751	-0.014564	-0.017915	-0.034618	-0.026652	-0.070554	-0.035925	-0.038783	-0.029786	
-0.071294	0.006730	-0.002683	-0.069905	-0.050794	-0.009148	-0.070111	-0.055111	0.252914	-0.043772	-0.063235	0.163816	-0.065187	-0.026635	0.055502	0.016847	-0.093696	-0.054061	0.026674	-0.062994	-0.090217	0.006724	-0.067762	-0.075904	-0.055473	-0.061464	-0.032903	0.012328	-0.049496	-0.016513	-0.029738	-0.035941	1.012540	0.007477	-0.042203	-0.010939	0.021808	-0.058365	-0.092623	-0.049947	-0.000356	0.010261	-0.062512	-0.062889	
-0.078958	0.148149	0.002476	-0.078484	-0.087378	-0.031039	-0.022850	-0.058525	0.037260	-0.038854	-0.054527	-0.041386	-0.052675	0.044943	-0.022082	0.001580	-0.070149	-0.033828	0.036598	-0.057823	-0.022337	0.029327	-0.071393	-0.047418	-0.050744	-0.068685	-0.031113	-0.044233	-0.044902	-0.015586	-0.022949	-0.037778	0.007477	0.903526	-0.056073	-0.044154	0.141564	-0.079133	-0.073496	-0.033778	-0.021192	0.178669	-0.061551	-0.061415	
-0.058745	-0.028785	-0.020665	-0.070856	-0.015276	-0.052356	0.188700	-0.013456	-0.064598	-0.047571	0.087456	-0.031085	-0.069198	0.011216	-0.047549	0.000763	-0.078803	-0.065988	-0.053315	-0.042059	-0.045936	-0.047828	-0.031824	-0.049125	-0.029899	-0.038007	-0.027148	-0.048131	-0.041455	-0.034369	-0.035599	-0.006762	-0.042203	-0.056073	0.879033	-0.031610	-0.048941	0.021267	-0.010018	0.176251	-0.040744	-0.053851	0.017019	0.019457	
-0.085361	-0.039990	-0.030370	-0.093385	-0.058412	-0.044282	-0.023325	-0.062383	-0.040719	-0.071537	-0.067719	0.022608	-0.011823	-0.063242	0.133706	-0.035775	-0.034404	-0.011262	-0.010713	0.133710	-0.050284	-0.030029	0.155408	-0.044255	-0.064507	-0.055008	-0.039132	0.107027	-0.070024	-0.031222	-0.009836	-0.076751	-0.010939	-0.044154	-0.031610	0.850500	-0.041772	-0.016443	-0.037751	-0.026387	0.146065	-0.040164	-0.039738	-0.041634	
-0.079653	0.127092	-0.004260	-0.068672	-0.106945	-0.010558	-0.019579	-0.065105	0.058977	-0.033374	-0.077212	-0.048630	-0.036654	0.048070	-0.025686	-0.024139	-0.085443	-0.039912	0.030791	-0.068301	-0.065983	0.037746	-0.043369	-0.041508	-0.081405	-0.070652	-0.043067	-0.022525	-0.044983	-0.027464	-0.032706	-0.014564	0.021808	0.141564	-0.048941	-0.041772	0.931137	-0.065491	-0.082904	-0.028797	-0.037232	0.207059	-0.042847	-0.061764	
-0.070203	-0.070115	-0.017044	-0.076640	0.016161	-0.075099	-0.077422	0.003310	-0.076806	-0.027989	0.100772	-0.039767	-0.082484	0.031202	-0.003244	-0.030030	-0.094596	0.174124	-0.060819	-0.022456	-0.046947	-0.074216	-0.042715	-0.042445	-0.026961	-0.024348	-0.022608	-0.028573	-0.061939	-0.065670	-0.052460	-0.017915	-0.058365	-0.079133	0.021267	-0.016443	-0.065491	0.979709	0.011291	0.021125	-0.027177	-0.063905	0.164502	0.006690	
-0.050318	-0.095985	-0.065360	-0.064864	-0.004072	-0.077219	-0.049035	0.012387	-0.100432	-0.035984	0.084378	-0.059420	-0.062624	0.016482	-0.094774	-0.057160	0.269779	-0.054658	-0.098950	-0.015057	-0.052264	-0.100493	0.022893	-0.062700	-0.017085	-0.016699	-0.028988	-0.023315	-0.039715	-0.075701	-0.057415	-0.034618	-0.092623	-0.073496	-0.010018	-0.037751	-0.082904	0.011291	1.132179	0.010788	-0.037416	-0.082368	0.028866	0.170477	
-0.058962	-0.022640	-0.036675	-0.055614	-0.014663	-0.051849	0.163891	-0.005236	-0.085161	-0.042587	0.075102	-0.032311	-0.046814	0.007661	-0.028659	-0.003349	-0.085484	-0.064897	-0.059249	-0.037821	-0.063594	-0.038037	-0.055250	-0.073533	-0.040289	-0.038618	-0.015172	-0.030921	-0.040261	-0.066060	-0.047875	-0.026652	-0.049947	-0.033778	0.176251	-0.026387	-0.028797	0.021125	0.010788	0.884709	-0.043053	-0.040848	0.022234	0.034963	
-0.083024	-0.036017	-0.001774	-0.097623	-0.052477	-0.046279	-0.047576	-0.037943	-0.056039	-0.057886	-0.064647	0.018053	-0.014983	-0.079531	0.121063	-0.017360	-0.006822	-0.015144	-0.011748	0.113404	-0.065131	-0.020384	0.155868	-0.049295	-0.064230	-0.051554	-0.009043	0.088632	-0.082579	-0.052351	-0.000698	-0.070554	-0.000356	-0.021192	-0.040744	0.146065	-0.037232	-0.027177	-0.037416	-0.043053	0.821376	-0.042167	-0.033982	-0.032628	
-0.089452	0.130522	-0.016299	-0.091609	-0.097759	-0.039315	-0.001886	-0.080557	0.055583	-0.055445	-0.076724	-0.021378	-0.048370	0.048098	-0.010904	-0.018016	-0.062699	-0.025988	0.022819	-0.042562	-0.048065	0.015133	-0.043869	-0.052332	-0.054800	-0.080369	-0.050023	-0.035266	-0.067858	-0.030730	-0.003212	-0.035925	0.010261	0.178669	-0.053851	-0.040164	0.207059	-0.063905	-0.082368	-0.040848	-0.042167	0.987072	-0.056807	-0.079358	
-0.078892	-0.064068	-0.046869	-0.079889	0.018892	-0.074371	-0.038061	-0.000021	-0.056120	-0.017194	0.113254	-0.027396	-0.061462	0.023413	-0.033210	-0.033963	-0.051623	0.166444	-0.065371	-0.054748	-0.049558	-0.071898	-0.049861	-0.065402	-0.017215	-0.030336	-0.010081	-0.047893	-0.045497	-0.069820	-0.036983	-0.038783	-0.062512	-0.061551	0.017019	-0.039738	-0.042847	0.164502	0.028866	0.022234	-0.033982	-0.056807	0.951458	-0.003370	
-0.039961	-0.090486	-0.067369	-0.085415	-0.007861	-0.067724	-0.069844	0.005724	-0.057135	-0.050864	0.080177	-0.067206	-0.069992	-0.001042	-0.100843	-0.010613	0.228098	-0.088258	-0.108890	0.015781	-0.058922	-0.087274	0.013740	-0.041486	-0.046941	-0.034193	-0.026480	0.000109	-0.050055	-0.086760	-0.071315	-0.029786	-0.062889	-0.061415	0.019457	-0.041634	-0.061764	0.006690	0.170477	0.034963	-0.032628	-0.079358	-0.003370	1.127909	
