0.918488	-0.262560	-0.194734	0.062407	-0.201769	-0.048153	0.081128	-0.231444	-0.198338	
-0.262560	0.944846	0.050435	-0.246344	-0.155384	-0.205380	-0.224563	0.002699	0.035656	
-0.194734	0.050435	1.000553	-0.183920	-0.196844	-0.168347	-0.197518	-0.070975	-0.096259	
0.062407	-0.246344	-0.183920	0.909221	-0.212190	0.063499	-0.066420	-0.227658	-0.185662	
-0.201769	-0.155384	-0.196844	-0.212190	1.447065	-0.165567	-0.208918	-0.186864	-0.182516	
-0.048153	-0.205380	-0.168347	0.063499	-0.165567	0.917366	-0.129036	-0.191024	-0.164576	
0.081128	-0.224563	-0.197518	-0.066420	-0.208918	-0.129036	0.993296	-0.148926	-0.175223	
-0.231444	0.002699	-0.070975	-0.227658	-0.186864	-0.191024	-0.148926	1.008490	-0.046297	
-0.198338	0.035656	-0.096259	-0.185662	-0.182516	-0.164576	-0.175223	-0.046297	0.921973	
