0.000000	0.187476	0.189174	0.173211	0.216964	0.183061	0.191375	0.190224	0.212770	0.207042	0.177863	0.190319	0.179515	0.159901	
0.187476	0.000000	0.203202	0.182062	0.213350	0.143367	0.201193	0.199789	0.204811	0.214190	0.156598	0.169593	0.203593	0.196811	
0.189174	0.203202	0.000000	0.180890	0.179202	0.189935	0.202145	0.195630	0.174261	0.210977	0.190859	0.208958	0.206123	0.203001	
0.173211	0.182062	0.180890	0.000000	0.204336	0.171001	0.186353	0.183291	0.206393	0.199258	0.132599	0.189295	0.193702	0.187531	
0.216964	0.213350	0.179202	0.204336	0.000000	0.207315	0.216191	0.211414	0.111037	0.233136	0.209479	0.211538	0.218913	0.215394	
0.183061	0.143367	0.189935	0.171001	0.207315	0.000000	0.203543	0.188192	0.206126	0.201796	0.149092	0.168046	0.202794	0.191223	
0.191375	0.201193	0.202145	0.186353	0.216191	0.203543	0.000000	0.198292	0.206658	0.218086	0.192524	0.146959	0.170038	0.181134	
0.190224	0.199789	0.195630	0.183291	0.211414	0.188192	0.198292	0.000000	0.204980	0.206844	0.184635	0.200946	0.178882	0.175067	
0.212770	0.204811	0.174261	0.206393	0.111037	0.206126	0.206658	0.204980	0.000000	0.232440	0.205922	0.204768	0.218277	0.215050	
0.207042	0.214190	0.210977	0.199258	0.233136	0.201796	0.218086	0.206844	0.232440	0.000000	0.206700	0.219381	0.210380	0.207045	
0.177863	0.156598	0.190859	0.132599	0.209479	0.149092	0.192524	0.184635	0.205922	0.206700	0.000000	0.180650	0.191538	0.188563	
0.190319	0.169593	0.208958	0.189295	0.211538	0.168046	0.146959	0.200946	0.204768	0.219381	0.180650	0.000000	0.184223	0.186266	
0.179515	0.203593	0.206123	0.193702	0.218913	0.202794	0.170038	0.178882	0.218277	0.210380	0.191538	0.184223	0.000000	0.155195	
0.159901	0.196811	0.203001	0.187531	0.215394	0.191223	0.181134	0.175067	0.215050	0.207045	0.188563	0.186266	0.155195	0.000000	
