0.888554	-0.070772	-0.078280	-0.035323	-0.148795	-0.070897	-0.080716	-0.084723	-0.147805	-0.097308	-0.062195	-0.082778	-0.037410	0.032789	
-0.070772	0.931043	-0.127912	-0.073363	-0.140306	0.097646	-0.119272	-0.116958	-0.116409	-0.120980	0.022209	0.001051	-0.134333	-0.117448	
-0.078280	-0.127912	1.053824	-0.055442	0.004159	-0.087291	-0.112997	-0.091949	0.015367	-0.093031	-0.103283	-0.147542	-0.134818	-0.136082	
-0.035323	-0.073363	-0.055442	0.836142	-0.120447	-0.049409	-0.081723	-0.073920	-0.138099	-0.079946	0.106013	-0.100316	-0.110907	-0.098547	
-0.148795	-0.140306	0.004159	-0.120447	1.117302	-0.129903	-0.143640	-0.124497	0.340189	-0.159706	-0.152239	-0.135408	-0.154924	-0.160241	
-0.070897	0.097646	-0.087291	-0.049409	-0.129903	0.866367	-0.139616	-0.086755	-0.146068	-0.090966	0.034298	-0.014557	-0.143957	-0.112747	
-0.080716	-0.119272	-0.112997	-0.081723	-0.143640	-0.139616	1.018436	-0.103970	-0.099004	-0.140117	-0.120796	0.093612	0.003357	-0.062146	
-0.084723	-0.116958	-0.091949	-0.073920	-0.124497	-0.086755	-0.103970	1.061910	-0.111288	-0.098650	-0.088131	-0.122042	-0.030450	-0.033296	
-0.147805	-0.116409	0.015367	-0.138099	0.340189	-0.146068	-0.099004	-0.111288	1.059808	-0.167937	-0.148715	-0.112581	-0.163464	-0.168227	
-0.097308	-0.120980	-0.093031	-0.079946	-0.159706	-0.090966	-0.140117	-0.098650	-0.167937	1.411239	-0.118659	-0.146462	-0.103303	-0.104005	
-0.062195	0.022209	-0.103283	0.106013	-0.152239	0.034298	-0.120796	-0.088131	-0.148715	-0.118659	0.840593	-0.080071	-0.111054	-0.113635	
-0.082778	0.001051	-0.147542	-0.100316	-0.135408	-0.014557	0.093612	-0.122042	-0.112581	-0.146462	-0.080071	0.931634	-0.070379	-0.094234	
-0.037410	-0.134333	-0.134818	-0.110907	-0.154924	-0.143957	0.003357	-0.030450	-0.163464	-0.103303	-0.111054	-0.070379	1.016060	0.035131	
0.032789	-0.117448	-0.136082	-0.098547	-0.160241	-0.112747	-0.062146	-0.033296	-0.168227	-0.104005	-0.113635	-0.094234	0.035131	0.995161	
