0.000000	0.219038	0.204294	0.142450	0.220456	0.164202	0.142295	0.208626	0.198450	
0.219038	0.000000	0.143682	0.212153	0.204998	0.200539	0.207683	0.150742	0.144146	
0.204294	0.143682	0.000000	0.199491	0.216154	0.191181	0.203155	0.168004	0.171246	
0.142450	0.212153	0.199491	0.000000	0.221080	0.137246	0.169492	0.206010	0.194050	
0.220456	0.204998	0.216154	0.221080	0.000000	0.205238	0.218947	0.210800	0.208147	
0.164202	0.200539	0.191181	0.137246	0.205238	0.000000	0.180247	0.193585	0.184436	
0.142295	0.207683	0.203155	0.169492	0.218947	0.180247	0.000000	0.185474	0.188032	
0.208626	0.150742	0.168004	0.206010	0.210800	0.193585	0.185474	0.000000	0.152947	
0.198450	0.144146	0.171246	0.194050	0.208147	0.184436	0.188032	0.152947	0.000000	
