1.010429	-0.151321	-0.110647	-0.106000	-0.100799	-0.127201	-0.097667	-0.107571	-0.150417	-0.115108	
-0.151321	1.072610	-0.219238	-0.111882	-0.176333	-0.159471	-0.171599	-0.157996	0.113822	-0.150133	
-0.110647	-0.219238	1.203451	-0.156699	-0.082328	-0.126621	-0.135383	-0.132543	-0.190745	-0.136962	
-0.106000	-0.111882	-0.156699	0.889009	-0.101738	-0.121269	-0.045067	-0.128236	-0.116088	-0.063204	
-0.100799	-0.176333	-0.082328	-0.101738	0.803732	-0.123755	-0.113097	0.049697	-0.155172	-0.064758	
-0.127201	-0.159471	-0.126621	-0.121269	-0.123755	1.301514	-0.166331	-0.180512	-0.196233	-0.158497	
-0.097667	-0.171599	-0.135383	-0.045067	-0.113097	-0.166331	1.020204	-0.126787	-0.145608	-0.090664	
-0.107571	-0.157996	-0.132543	-0.128236	0.049697	-0.180512	-0.126787	0.892872	-0.141011	-0.077084	
-0.150417	0.113822	-0.190745	-0.116088	-0.155172	-0.196233	-0.145608	-0.141011	0.976313	-0.126107	
-0.115108	-0.150133	-0.136962	-0.063204	-0.064758	-0.158497	-0.090664	-0.077084	-0.126107	0.882941	
