0.000000	0.225700	0.221198	0.202386	0.199924	0.233665	0.205711	0.201649	0.216824	0.202412	
0.225700	0.000000	0.253754	0.211612	0.224640	0.248787	0.231296	0.219053	0.155228	0.216581	
0.221198	0.253754	0.000000	0.226099	0.203074	0.241910	0.226193	0.215221	0.238383	0.217957	
0.202386	0.211612	0.226099	0.000000	0.193560	0.227682	0.185719	0.203443	0.203293	0.184994	
0.199924	0.224640	0.203074	0.193560	0.000000	0.222797	0.202471	0.151010	0.209384	0.181364	
0.233665	0.248787	0.241910	0.227682	0.222797	0.000000	0.243839	0.238849	0.245902	0.233037	
0.205711	0.231296	0.226193	0.185719	0.202471	0.243839	0.000000	0.205022	0.214514	0.194719	
0.201649	0.219053	0.215221	0.203443	0.151010	0.238849	0.205022	0.000000	0.202996	0.183419	
0.216824	0.155228	0.238383	0.203293	0.209384	0.245902	0.214514	0.202996	0.000000	0.199721	
0.202412	0.216581	0.217957	0.184994	0.181364	0.233037	0.194719	0.183419	0.199721	0.000000	
