0.000000	0.178939	0.193844	0.193837	0.218378	0.195076	0.193030	0.194559	0.182832	0.196019	0.140389	0.193729	0.208869	
0.178939	0.000000	0.171935	0.184103	0.203955	0.168400	0.167389	0.172515	0.119501	0.168766	0.172689	0.166983	0.183263	
0.193844	0.171935	0.000000	0.168051	0.201044	0.130829	0.128412	0.170763	0.178542	0.153696	0.180678	0.153796	0.186370	
0.193837	0.184103	0.168051	0.000000	0.203687	0.169466	0.173715	0.142357	0.185278	0.175705	0.185709	0.178906	0.192581	
0.218378	0.203955	0.201044	0.203687	0.000000	0.196182	0.196962	0.202598	0.202515	0.204126	0.205243	0.196550	0.149832	
0.195076	0.168400	0.130829	0.169466	0.196182	0.000000	0.143202	0.164572	0.164791	0.122553	0.171131	0.122452	0.181547	
0.193030	0.167389	0.128412	0.173715	0.196962	0.143202	0.000000	0.150416	0.148907	0.133770	0.150533	0.134757	0.154642	
0.194559	0.172515	0.170763	0.142357	0.202598	0.164572	0.150416	0.000000	0.158962	0.144071	0.153186	0.140304	0.162800	
0.182832	0.119501	0.178542	0.185278	0.202515	0.164791	0.148907	0.158962	0.000000	0.147906	0.156344	0.150366	0.162027	
0.196019	0.168766	0.153696	0.175705	0.204126	0.122553	0.133770	0.144071	0.147906	0.000000	0.153274	0.112931	0.158757	
0.140389	0.172689	0.180678	0.185709	0.205243	0.171131	0.150533	0.153186	0.156344	0.153274	0.000000	0.153613	0.161044	
0.193729	0.166983	0.153796	0.178906	0.196550	0.122452	0.134757	0.140304	0.150366	0.112931	0.153613	0.000000	0.157516	
0.208869	0.183263	0.186370	0.192581	0.149832	0.181547	0.154642	0.162800	0.162027	0.158757	0.161044	0.157516	0.000000	
