1.465803	-0.052044	-0.138169	-0.106959	-0.163630	-0.172273	-0.173686	-0.158626	-0.101269	-0.191501	0.114974	-0.183236	-0.212635	
-0.052044	1.006899	-0.084581	-0.109315	-0.157563	-0.111094	-0.109614	-0.120320	0.156845	-0.115584	-0.109513	-0.112470	-0.140267	
-0.138169	-0.084581	0.938510	-0.043573	-0.148976	0.065294	0.066790	-0.114013	-0.144479	-0.062530	-0.150207	-0.067888	-0.161408	
-0.106959	-0.109315	-0.043573	1.137496	-0.107752	-0.076895	-0.115097	0.065000	-0.142960	-0.126645	-0.142747	-0.141817	-0.160426	
-0.163630	-0.157563	-0.148976	-0.107752	1.623039	-0.154682	-0.177410	-0.177201	-0.177688	-0.216627	-0.189370	-0.177649	0.132196	
-0.172273	-0.111094	0.065294	-0.076895	-0.154682	0.838703	-0.031291	-0.112604	-0.105717	0.055601	-0.126625	0.054387	-0.172892	
-0.173686	-0.109614	0.066790	-0.115097	-0.177410	-0.031291	0.772935	-0.073881	-0.061670	-0.024634	-0.055927	-0.026912	-0.069819	
-0.158626	-0.120320	-0.114013	0.065000	-0.177201	-0.112604	-0.073881	0.900112	-0.096919	-0.050707	-0.058161	-0.024802	-0.086558	
-0.101269	0.156845	-0.144479	-0.142960	-0.177688	-0.105717	-0.061670	-0.096919	0.882925	-0.059196	-0.069401	-0.073890	-0.079359	
-0.191501	-0.115584	-0.062530	-0.126645	-0.216627	0.055601	-0.024634	-0.050707	-0.059196	0.783511	-0.074752	0.080542	-0.092583	
0.114974	-0.109513	-0.150207	-0.142747	-0.189370	-0.126625	-0.055927	-0.058161	-0.069401	-0.074752	0.929885	-0.083426	-0.069585	
-0.183236	-0.112470	-0.067888	-0.141817	-0.177649	0.054387	-0.026912	-0.024802	-0.073890	0.080542	-0.083426	0.746387	-0.080163	
-0.212635	-0.140267	-0.161408	-0.160426	0.132196	-0.172892	-0.069819	-0.086558	-0.079359	-0.092583	-0.069585	-0.080163	1.083920	
