1.573236	-0.065531	-0.163595	-0.111057	-0.029727	-0.085914	-0.107213	-0.056866	-0.143908	-0.118317	-0.126082	-0.144790	-0.142081	-0.152161	-0.197700	
-0.065531	1.151066	-0.134032	-0.036916	-0.047145	-0.062874	-0.052154	-0.036167	-0.108609	-0.083195	-0.105573	-0.126817	-0.096938	-0.129890	-0.132999	
-0.163595	-0.134032	0.650091	-0.087332	-0.123780	-0.093623	-0.085942	-0.138020	0.035649	-0.001118	0.015102	0.029747	-0.001819	0.029030	0.001334	
-0.111057	-0.036916	-0.087332	1.057331	-0.049826	-0.063190	-0.028112	-0.086633	-0.081663	-0.085367	-0.093930	-0.106708	-0.069488	-0.122877	-0.095910	
-0.029727	-0.047145	-0.123780	-0.049826	1.178659	-0.054962	-0.049375	-0.098171	-0.123414	-0.118080	-0.004681	-0.161728	-0.105823	-0.141106	-0.143142	
-0.085914	-0.062874	-0.093623	-0.063190	-0.054962	1.224344	-0.102468	-0.056526	-0.107507	-0.116411	-0.083764	-0.116303	-0.114213	-0.103545	-0.142657	
-0.107213	-0.052154	-0.085942	-0.028112	-0.049375	-0.102468	0.990924	-0.071392	-0.068721	-0.067609	-0.101628	-0.070992	-0.073981	-0.077945	-0.105656	
-0.056866	-0.036167	-0.138020	-0.086633	-0.098171	-0.056526	-0.071392	1.044056	-0.008807	-0.084226	-0.102995	-0.068931	-0.130942	-0.048931	-0.131350	
-0.143908	-0.108609	0.035649	-0.081663	-0.123414	-0.107507	-0.068721	-0.008807	0.745648	-0.043460	-0.052924	-0.007824	-0.041012	-0.010757	-0.070332	
-0.118317	-0.083195	-0.001118	-0.085367	-0.118080	-0.116411	-0.067609	-0.084226	-0.043460	0.861937	-0.041522	-0.050555	-0.061323	-0.022073	-0.070469	
-0.126082	-0.105573	0.015102	-0.093930	-0.004681	-0.083764	-0.101628	-0.102995	-0.052924	-0.041522	0.838638	-0.067797	-0.055922	-0.049559	-0.062404	
-0.144790	-0.126817	0.029747	-0.106708	-0.161728	-0.116303	-0.070992	-0.068931	-0.007824	-0.050555	-0.067797	0.802345	-0.057000	0.105165	-0.067355	
-0.142081	-0.096938	-0.001819	-0.069488	-0.105823	-0.114213	-0.073981	-0.130942	-0.041012	-0.061323	-0.055922	-0.057000	1.007711	-0.073896	-0.074520	
-0.152161	-0.129890	0.029030	-0.122877	-0.141106	-0.103545	-0.077945	-0.048931	-0.010757	-0.022073	-0.049559	0.105165	-0.073896	0.766184	-0.079675	
-0.197700	-0.132999	0.001334	-0.095910	-0.143142	-0.142657	-0.105656	-0.131350	-0.070332	-0.070469	-0.062404	-0.067355	-0.074520	-0.079675	1.232551	
